NAME : single
TYPE : ATSP
DIMENSION : 15
EDGE_WEIGHT_TYPE : EXPLICIT
EDGE_WEIGHT_FORMAT : FULL_MATRIX
EDGE_WEIGHT_SECTION
0 50293 731 819 591 756 617 50218 701 747 668 425 700 173 154 
0 0 154 209 185 168 153 249 344 383 50000 50000 444 50000 50000 
0 154 0 114 298 128 140 212 314 356 627 50000 415 50000 50000 
0 209 114 0 249 149 230 285 443 483 750 50000 559 50000 50000 
0 185 298 249 0 283 222 102 252 291 514 50000 297 50000 50000 
0 168 128 149 283 0 147 181 362 393 648 50000 404 50000 50000 
0 153 140 230 222 147 0 274 192 229 501 50000 259 50000 50000 
0 249 212 285 102 181 274 0 298 338 553 50000 354 50000 50000 
0 344 314 443 252 362 192 298 0 173 336 50000 179 410 352 
0 383 356 483 291 393 229 338 173 0 347 50000 246 451 390 
0 50000 627 750 514 648 501 553 336 347 0 181 206 448 353 
0 50000 50000 50000 50000 50000 50000 50000 50000 50000 181 0 357 258 192 
0 444 415 559 297 404 259 354 179 246 206 357 0 349 50000 
0 50000 50000 50000 50000 50000 50000 50000 410 451 448 258 349 0 202 
0 50000 50000 50000 50000 50000 50000 50000 352 390 353 192 50000 202 0 
EOF