NAME : single
TYPE : ATSP
DIMENSION : 13
EDGE_WEIGHT_TYPE : EXPLICIT
EDGE_WEIGHT_FORMAT : FULL_MATRIX
EDGE_WEIGHT_SECTION
0 962 984 793 648 562 669 728 115 563 173 464 630 
0 0 100 104 224 343 266 264 50000 518 723 377 50000 
0 100 0 204 264 365 291 367 50000 570 759 399 715 
0 104 204 0 292 278 229 217 799 462 692 291 542 
0 224 264 292 0 194 78 210 50000 284 495 271 335 
0 343 365 278 194 0 272 194 50000 274 400 76 282 
0 266 291 229 78 272 0 132 50000 279 494 250 336 
0 264 367 217 210 194 132 0 50000 333 575 233 50000 
0 50000 50000 799 50000 50000 50000 50000 0 289 125 249 277 
0 518 570 462 284 274 279 333 289 0 229 270 146 
0 723 759 692 495 400 494 575 125 229 0 307 297 
0 377 399 291 271 76 250 233 249 270 307 0 317 
0 50000 715 542 335 282 336 50000 277 146 297 317 0 
EOF