NAME : single
TYPE : ATSP
DIMENSION : 15
EDGE_WEIGHT_TYPE : EXPLICIT
EDGE_WEIGHT_FORMAT : FULL_MATRIX
EDGE_WEIGHT_SECTION
0 50129 906 766 742 50170 50172 483 406 492 601 676 460 144 196 
0 0 234 309 327 537 563 602 666 811 50000 50000 894 50000 50000 
0 234 0 170 268 400 424 500 546 50000 50000 50000 774 50000 721 
0 309 170 0 98 268 237 244 293 543 50000 50000 620 545 426 
0 327 268 98 0 233 223 228 278 512 50000 50000 590 529 410 
0 537 400 268 233 0 150 288 308 452 50000 50000 570 556 421 
0 563 424 237 223 150 0 164 256 361 50000 50000 473 474 343 
0 602 500 244 228 288 164 0 100 241 384 336 358 302 185 
0 666 546 293 278 308 256 100 0 316 453 436 432 316 198 
0 811 50000 543 512 452 361 241 316 0 267 156 271 289 221 
0 50000 50000 50000 50000 50000 50000 384 453 267 0 234 143 392 379 
0 50000 50000 50000 50000 50000 50000 336 436 156 234 0 237 50000 357 
0 894 774 620 590 570 473 358 432 271 143 237 0 232 276 
0 50000 50000 545 529 556 474 302 316 289 392 50000 232 0 212 
0 50000 721 426 410 421 343 185 198 221 379 357 276 212 0 
EOF