NAME : single
TYPE : ATSP
<<<<<<< HEAD
DIMENSION : 17
EDGE_WEIGHT_TYPE : EXPLICIT
EDGE_WEIGHT_FORMAT : FULL_MATRIX
EDGE_WEIGHT_SECTION
0 934 50137 752 756 817 800 425 625 590 351 218 400 493 409 379 180 
0 0 252 219 131 228 214 503 292 269 546 620 564 607 50000 50000 50000 
0 252 0 226 254 309 300 577 392 380 625 718 648 684 918 50000 858 
0 219 226 0 220 251 207 421 221 135 354 492 485 527 747 788 644 
0 131 254 220 0 163 137 387 178 260 403 518 456 499 743 50000 675 
0 228 309 251 163 0 141 368 328 299 500 638 423 459 695 50000 805 
0 214 300 207 137 141 0 334 294 264 465 604 405 443 660 50000 758 
0 503 577 421 387 368 334 0 244 257 112 232 137 254 316 50000 397 
0 292 392 221 178 328 294 244 0 182 263 343 274 351 532 50000 503 
0 269 380 135 260 299 264 257 182 0 185 346 266 354 470 50000 493 
0 546 625 354 403 500 465 112 263 185 0 131 241 241 288 417 293 
0 620 718 492 518 638 604 232 343 346 131 0 200 298 289 377 159 
0 564 648 485 456 423 405 137 274 266 241 200 0 116 235 433 399 
0 607 684 527 499 459 443 254 351 354 241 298 116 0 278 392 477 
0 50000 918 747 743 695 660 316 532 470 288 289 235 278 0 152 254 
0 50000 50000 788 50000 50000 50000 50000 50000 50000 417 377 433 392 152 0 125 
0 50000 858 644 675 805 758 397 503 493 293 159 399 477 254 125 0 
=======
DIMENSION : 19
EDGE_WEIGHT_TYPE : EXPLICIT
EDGE_WEIGHT_FORMAT : FULL_MATRIX
EDGE_WEIGHT_SECTION
0 50230 50211 50228 50221 1229 1094 1270 1085 689 675 50233 877 731 507 381 289 326 105 
0 0 97 134 100 330 278 671 568 335 460 271 177 494 456 524 585 598 50000 
0 97 0 76 125 383 295 781 677 358 460 296 158 498 414 481 544 557 50000 
0 134 76 0 175 432 269 814 681 282 384 253 106 421 350 408 478 492 50000 
0 100 125 175 0 366 229 737 609 404 541 170 277 538 513 585 649 659 50000 
0 330 383 432 366 0 180 395 261 491 393 352 297 391 692 747 817 841 50000 
0 278 295 269 229 180 0 584 472 388 468 219 203 517 597 644 717 739 50000 
0 671 781 814 737 395 584 0 252 392 394 50000 517 375 50000 647 717 698 747 
0 568 677 681 609 261 472 252 0 314 345 50000 485 339 508 50000 669 642 699 
0 335 358 282 404 491 388 392 314 0 169 366 251 256 211 294 343 336 375 
0 460 460 384 541 393 468 394 345 169 0 400 297 86 154 234 304 294 338 
0 271 296 253 170 352 219 50000 50000 366 400 0 151 444 377 438 517 521 556 
0 177 158 106 277 297 203 517 485 251 297 151 0 50000 337 449 519 523 550 
0 494 498 421 538 391 517 375 339 256 86 444 50000 0 195 280 345 327 375 
0 456 414 350 513 692 597 50000 508 211 154 377 337 195 0 210 150 140 295 
0 524 481 408 585 747 644 647 50000 294 234 438 449 280 210 0 194 277 115 
0 585 544 478 649 817 717 717 669 343 304 517 519 345 150 194 0 83 288 
0 598 557 492 659 841 739 698 642 336 294 521 523 327 140 277 83 0 228 
0 50000 50000 50000 50000 50000 50000 747 699 375 338 556 550 375 295 115 288 228 0 
>>>>>>> dev/Mads
EOF