NAME : single
TYPE : ATSP
DIMENSION : 19
EDGE_WEIGHT_TYPE : EXPLICIT
EDGE_WEIGHT_FORMAT : FULL_MATRIX
EDGE_WEIGHT_SECTION
0 50230 50211 50228 50221 1229 1094 1270 1085 689 675 50233 877 731 507 381 289 326 105 
0 0 97 134 100 330 278 671 568 335 460 271 177 494 456 524 585 598 50000 
0 97 0 76 125 383 295 781 677 358 460 296 158 498 414 481 544 557 50000 
0 134 76 0 175 432 269 814 681 282 384 253 106 421 350 408 478 492 50000 
0 100 125 175 0 366 229 737 609 404 541 170 277 538 513 585 649 659 50000 
0 330 383 432 366 0 180 395 261 491 393 352 297 391 692 747 817 841 50000 
0 278 295 269 229 180 0 584 472 388 468 219 203 517 597 644 717 739 50000 
0 671 781 814 737 395 584 0 252 392 394 50000 517 375 50000 647 717 698 747 
0 568 677 681 609 261 472 252 0 314 345 50000 485 339 508 50000 669 642 699 
0 335 358 282 404 491 388 392 314 0 169 366 251 256 211 294 343 336 375 
0 460 460 384 541 393 468 394 345 169 0 400 297 86 154 234 304 294 338 
0 271 296 253 170 352 219 50000 50000 366 400 0 151 444 377 438 517 521 556 
0 177 158 106 277 297 203 517 485 251 297 151 0 50000 337 449 519 523 550 
0 494 498 421 538 391 517 375 339 256 86 444 50000 0 195 280 345 327 375 
0 456 414 350 513 692 597 50000 508 211 154 377 337 195 0 210 150 140 295 
0 524 481 408 585 747 644 647 50000 294 234 438 449 280 210 0 194 277 115 
0 585 544 478 649 817 717 717 669 343 304 517 519 345 150 194 0 83 288 
0 598 557 492 659 841 739 698 642 336 294 521 523 327 140 277 83 0 228 
0 50000 50000 50000 50000 50000 50000 747 699 375 338 556 550 375 295 115 288 228 0 
EOF