NAME : single
TYPE : ATSP
DIMENSION : 13
EDGE_WEIGHT_TYPE : EXPLICIT
EDGE_WEIGHT_FORMAT : FULL_MATRIX
EDGE_WEIGHT_SECTION
0 50034 50060 50054 562 481 498 403 450 353 468 252 515 
0 0 173 224 262 374 50000 50000 50000 50000 50000 50000 795 
0 173 0 236 112 224 50000 50000 50000 50000 50000 50000 661 
0 224 236 0 418 528 50000 50000 50000 50000 50000 50000 864 
0 262 112 418 0 123 50000 50000 50000 50000 50000 50000 600 
0 374 224 528 123 0 50000 525 581 50000 50000 350 402 
0 50000 50000 50000 50000 50000 0 245 254 321 50000 355 390 
0 50000 50000 50000 50000 525 245 0 147 244 370 315 351 
0 50000 50000 50000 50000 581 254 147 0 306 474 333 278 
0 50000 50000 50000 50000 50000 321 244 306 0 269 168 414 
0 50000 50000 50000 50000 50000 50000 370 474 269 0 378 587 
0 50000 50000 50000 50000 350 355 315 333 168 378 0 279 
0 795 661 864 600 402 390 351 278 414 587 279 0 
EOF