NAME : single
TYPE : ATSP
DIMENSION : 17
EDGE_WEIGHT_TYPE : EXPLICIT
EDGE_WEIGHT_FORMAT : FULL_MATRIX
EDGE_WEIGHT_SECTION
0 934 50137 752 756 817 800 425 625 590 351 218 400 493 409 379 180 
0 0 252 219 131 228 214 503 292 269 546 620 564 607 50000 50000 50000 
0 252 0 226 254 309 300 577 392 380 625 718 648 684 918 50000 858 
0 219 226 0 220 251 207 421 221 135 354 492 485 527 747 788 644 
0 131 254 220 0 163 137 387 178 260 403 518 456 499 743 50000 675 
0 228 309 251 163 0 141 368 328 299 500 638 423 459 695 50000 805 
0 214 300 207 137 141 0 334 294 264 465 604 405 443 660 50000 758 
0 503 577 421 387 368 334 0 244 257 112 232 137 254 316 50000 397 
0 292 392 221 178 328 294 244 0 182 263 343 274 351 532 50000 503 
0 269 380 135 260 299 264 257 182 0 185 346 266 354 470 50000 493 
0 546 625 354 403 500 465 112 263 185 0 131 241 241 288 417 293 
0 620 718 492 518 638 604 232 343 346 131 0 200 298 289 377 159 
0 564 648 485 456 423 405 137 274 266 241 200 0 116 235 433 399 
0 607 684 527 499 459 443 254 351 354 241 298 116 0 278 392 477 
0 50000 918 747 743 695 660 316 532 470 288 289 235 278 0 152 254 
0 50000 50000 788 50000 50000 50000 50000 50000 50000 417 377 433 392 152 0 125 
0 50000 858 644 675 805 758 397 503 493 293 159 399 477 254 125 0 
EOF